              precision    recall  f1-score   support

           0       0.96      0.64      0.77       100
           1       0.75      0.77      0.76       100
           2       0.94      0.98      0.96       100
           3       0.67      0.67      0.67       100
           4       0.69      0.78      0.73       100
           5       0.91      0.48      0.63       100
           6       0.97      0.95      0.96       100
           7       0.85      0.99      0.92       100
           8       1.00      1.00      1.00       100
           9       0.68      0.96      0.80       100
          10       0.83      0.86      0.84       100
          11       0.96      0.87      0.91       100
          12       1.00      0.99      0.99       100
          13       0.97      0.97      0.97       100
          14       0.89      1.00      0.94       100

    accuracy                           0.86      1500
   macro avg       0.87      0.86      0.86      1500
weighted avg       0.87      0.86      0.86      1500
